&CONTROL
    calculation = 'relax',
    prefix = 'al111_4x4',
    outdir = './tmp/',
    pseudo_dir = './',
    tstress = .true.,
    tprnfor = .true.,
/

&SYSTEM
    ibrav = 0,
    nat = 80,
    ntyp = 1,

    ecutwfc = 60,
    ecutrho = 480,

    occupations = 'smearing',
    smearing = 'mv',
    degauss = 0.02,

    nspin = 1,
/

&ELECTRONS
    conv_thr = 1.0d-8,
    mixing_beta = 0.30,
    electron_maxstep = 500,
/

&IONS
    ion_dynamics = 'bfgs',
/

ATOMIC_SPECIES
Al 26.9815385 Al.pbe-n-kjpaw_psl.1.0.0.UPF

CELL_PARAMETERS angstrom
11.455100000   0.000000000   0.000000000
5.727550000    9.920843000   0.000000000
0.000000000    0.000000000   39.353100000

K_POINTS automatic
4 4 1 0 0 0

ATOMIC_POSITIONS angstrom
Al 11.4551572755 1.6534343352 14.9998275960  0 0 0
Al 2.8638322755 1.6534343352 14.9998275960  0 0 0
Al 5.7276072755 1.6534343352 14.9998275960  0 0 0
Al 8.5913822755 1.6534343352 14.9998275960  0 0 0
Al 12.8870447755 4.1335362359 14.9998275960  0 0 0
Al 4.2957197755 4.1335362359 14.9998275960  0 0 0
Al 7.1594947755 4.1335362359 14.9998275960  0 0 0
Al 10.0232697755 4.1335362359 14.9998275960  0 0 0
Al 14.3189322755 6.6136381366 14.9998275960  0 0 0
Al 5.7276072755 6.6136381366 14.9998275960  0 0 0
Al 8.5913822755 6.6136381366 14.9998275960  0 0 0
Al 11.4551572755 6.6136381366 14.9998275960  0 0 0
Al 15.7508197755 9.0937400373 14.9998275960  0 0 0
Al 7.1594947755 9.0937400373 14.9998275960  0 0 0
Al 10.0232697755 9.0937400373 14.9998275960  0 0 0
Al 12.8870447755 9.0937400373 14.9998275960  0 0 0
Al 0.0000000000 0.0000000000 17.3381887980  0 0 0
Al 2.8637750000 0.0000000000 17.3381887980  0 0 0
Al 5.7275500000 0.0000000000 17.3381887980  0 0 0
Al 8.5913250000 0.0000000000 17.3381887980  0 0 0
Al 1.4318875000 2.4801019007 17.3381887980  0 0 0
Al 4.2956625000 2.4801019007 17.3381887980  0 0 0
Al 7.1594375000 2.4801019007 17.3381887980  0 0 0
Al 10.0232125000 2.4801019007 17.3381887980  0 0 0
Al 2.8637750000 4.9602038014 17.3381887980  0 0 0
Al 5.7275500000 4.9602038014 17.3381887980  0 0 0
Al 8.5913250000 4.9602038014 17.3381887980  0 0 0
Al 11.4551000000 4.9602038014 17.3381887980  0 0 0
Al 4.2956625000 7.4403057022 17.3381887980  0 0 0
Al 7.1594375000 7.4403057022 17.3381887980  0 0 0
Al 10.0232125000 7.4403057022 17.3381887980  0 0 0
Al 12.8869875000 7.4403057022 17.3381887980  0 0 0
Al 1.4318302245 0.8266675655 19.6765500000 
Al 4.2956052245 0.8266675655 19.6765500000 
Al 7.1593802245 0.8266675655 19.6765500000 
Al 10.0231552245 0.8266675655 19.6765500000 
Al 2.8637177245 3.3067694663 19.6765500000 
Al 5.7274927245 3.3067694663 19.6765500000 
Al 8.5912677245 3.3067694663 19.6765500000 
Al 11.4550427245 3.3067694663 19.6765500000 
Al 4.2956052245 5.7868713670 19.6765500000 
Al 7.1593802245 5.7868713670 19.6765500000 
Al 10.0231552245 5.7868713670 19.6765500000 
Al 12.8869302245 5.7868713670 19.6765500000 
Al 5.7274927245 8.2669732677 19.6765500000 
Al 8.5912677245 8.2669732677 19.6765500000 
Al 11.4550427245 8.2669732677 19.6765500000 
Al 14.3188177245 8.2669732677 19.6765500000 
Al 11.4551572755 1.6534343352 22.0149112020 
Al 2.8638322755 1.6534343352 22.0149112020 
Al 5.7276072755 1.6534343352 22.0149112020 
Al 8.5913822755 1.6534343352 22.0149112020 
Al 12.8870447755 4.1335362359 22.0149112020 
Al 4.2957197755 4.1335362359 22.0149112020 
Al 7.1594947755 4.1335362359 22.0149112020 
Al 10.0232697755 4.1335362359 22.0149112020 
Al 14.3189322755 6.6136381366 22.0149112020 
Al 5.7276072755 6.6136381366 22.0149112020 
Al 8.5913822755 6.6136381366 22.0149112020 
Al 11.4551572755 6.6136381366 22.0149112020 
Al 15.7508197755 9.0937400373 22.0149112020 
Al 7.1594947755 9.0937400373 22.0149112020 
Al 10.0232697755 9.0937400373 22.0149112020 
Al 12.8870447755 9.0937400373 22.0149112020 
Al 0.0000000000 0.0000000000 24.3532724040 
Al 2.8637750000 0.0000000000 24.3532724040 
Al 5.7275500000 0.0000000000 24.3532724040 
Al 8.5913250000 0.0000000000 24.3532724040 
Al 1.4318875000 2.4801019007 24.3532724040 
Al 4.2956625000 2.4801019007 24.3532724040 
Al 7.1594375000 2.4801019007 24.3532724040 
Al 10.0232125000 2.4801019007 24.3532724040 
Al 2.8637750000 4.9602038014 24.3532724040 
Al 5.7275500000 4.9602038014 24.3532724040 
Al 8.5913250000 4.9602038014 24.3532724040 
Al 11.4551000000 4.9602038014 24.3532724040 
Al 4.2956625000 7.4403057022 24.3532724040 
Al 7.1594375000 7.4403057022 24.3532724040 
Al 10.0232125000 7.4403057022 24.3532724040 
Al 12.8869875000 7.4403057022 24.3532724040 

