&CONTROL
    calculation = 'scf',
    prefix = 'cu111_4x4',
    outdir = './tmp/',
    pseudo_dir = './',

/

&SYSTEM
    ibrav = 0,
    nat = 80,
    ntyp = 1,

    ecutwfc = 60,
    ecutrho = 480,

    occupations = 'smearing',
    smearing = 'mv',
    degauss = 0.02,

    nspin = 1,
/

&ELECTRONS
    conv_thr = 1.0d-8,
    mixing_beta = 0.30,
    electron_maxstep = 400,
    startingpot = 'file'
    startingwfc = 'atomic+random'
/



ATOMIC_SPECIES
Cu  63.546  Cu.paw.z_11.ld1.psl.v1.0.0-low.upf

CELL_PARAMETERS angstrom
10.210621839   0.000000000   0.000000000
5.105310919    8.842657897   0.000000000
0.000000000    0.000000000  38.336937325

ATOMIC_POSITIONS angstrom
Cu              10.2106218390        1.4737763190       14.9999996250    0   0   0
Cu               2.5526554640        1.4737763190       14.9999996250    0   0   0
Cu               5.1053109220        1.4737763190       14.9999996250    0   0   0
Cu               7.6579663800        1.4737763190       14.9999996250    0   0   0
Cu              11.4869495680        3.6844407930       14.9999996250    0   0   0
Cu               3.8289831930        3.6844407930       14.9999996250    0   0   0
Cu               6.3816386510        3.6844407930       14.9999996250    0   0   0
Cu               8.9342941100        3.6844407930       14.9999996250    0   0   0
Cu              12.7632772970        5.8951052670       14.9999996250    0   0   0
Cu               5.1053109220        5.8951052670       14.9999996250    0   0   0
Cu               7.6579663800        5.8951052670       14.9999996250    0   0   0
Cu              10.2106218390        5.8951052670       14.9999996250    0   0   0
Cu              14.0396050270        8.1057697410       14.9999996250    0   0   0
Cu               6.3816386510        8.1057697410       14.9999996250    0   0   0
Cu               8.9342941100        8.1057697410       14.9999996250    0   0   0
Cu              11.4869495680        8.1057697410       14.9999996250    0   0   0
Cu               0.0000000000        0.0000000000       17.0842340500    0   0   0
Cu               2.5526554580        0.0000000000       17.0842340500    0   0   0
Cu               5.1053109170        0.0000000000       17.0842340500    0   0   0
Cu               7.6579663750        0.0000000000       17.0842340500    0   0   0
Cu               1.2763277290        2.2106644740       17.0842340500    0   0   0
Cu               3.8289831880        2.2106644740       17.0842340500    0   0   0
Cu               6.3816386460        2.2106644740       17.0842340500    0   0   0
Cu               8.9342941050        2.2106644740       17.0842340500    0   0   0
Cu               2.5526554580        4.4213289480       17.0842340500    0   0   0
Cu               5.1053109170        4.4213289480       17.0842340500    0   0   0
Cu               7.6579663750        4.4213289480       17.0842340500    0   0   0
Cu              10.2106218340        4.4213289480       17.0842340500    0   0   0
Cu               3.8289831880        6.6319934220       17.0842340500    0   0   0
Cu               6.3816386460        6.6319934220       17.0842340500    0   0   0
Cu               8.9342941050        6.6319934220       17.0842340500    0   0   0
Cu              11.4869495630        6.6319934220       17.0842340500    0   0   0
Cu               1.2763277240        0.7368881550       19.1684684750
Cu               3.8289831830        0.7368881550       19.1684684750
Cu               6.3816386410        0.7368881550       19.1684684750
Cu               8.9342940990        0.7368881550       19.1684684750
Cu               2.5526554530        2.9475526290       19.1684684750
Cu               5.1053109120        2.9475526290       19.1684684750
Cu               7.6579663700        2.9475526290       19.1684684750
Cu              10.2106218290        2.9475526290       19.1684684750
Cu               3.8289831830        5.1582171030       19.1684684750
Cu               6.3816386410        5.1582171030       19.1684684750
Cu               8.9342940990        5.1582171030       19.1684684750
Cu              11.4869495580        5.1582171030       19.1684684750
Cu               5.1053109120        7.3688815770       19.1684684750
Cu               7.6579663700        7.3688815770       19.1684684750
Cu              10.2106218290        7.3688815770       19.1684684750
Cu              12.7632772870        7.3688815770       19.1684684750
Cu              10.2106218390        1.4737763190       21.2527029000
Cu               2.5526554640        1.4737763190       21.2527029000
Cu               5.1053109220        1.4737763190       21.2527029000
Cu               7.6579663800        1.4737763190       21.2527029000
Cu              11.4869495680        3.6844407930       21.2527029000
Cu               3.8289831930        3.6844407930       21.2527029000
Cu               6.3816386510        3.6844407930       21.2527029000
Cu               8.9342941100        3.6844407930       21.2527029000
Cu              12.7632772970        5.8951052670       21.2527029000
Cu               5.1053109220        5.8951052670       21.2527029000
Cu               7.6579663800        5.8951052670       21.2527029000
Cu              10.2106218390        5.8951052670       21.2527029000
Cu              14.0396050270        8.1057697410       21.2527029000
Cu               6.3816386510        8.1057697410       21.2527029000
Cu               8.9342941100        8.1057697410       21.2527029000
Cu              11.4869495680        8.1057697410       21.2527029000
Cu               0.0000000000        0.0000000000       23.3369373250
Cu               2.5526554580        0.0000000000       23.3369373250
Cu               5.1053109170        0.0000000000       23.3369373250
Cu               7.6579663750        0.0000000000       23.3369373250
Cu               1.2763277290        2.2106644740       23.3369373250
Cu               3.8289831880        2.2106644740       23.3369373250
Cu               6.3816386460        2.2106644740       23.3369373250
Cu               8.9342941050        2.2106644740       23.3369373250
Cu               2.5526554580        4.4213289480       23.3369373250
Cu               5.1053109170        4.4213289480       23.3369373250
Cu               7.6579663750        4.4213289480       23.3369373250
Cu              10.2106218340        4.4213289480       23.3369373250
Cu               3.8289831880        6.6319934220       23.3369373250
Cu               6.3816386460        6.6319934220       23.3369373250
Cu               8.9342941050        6.6319934220       23.3369373250
Cu              11.4869495630        6.6319934220       23.3369373250

K_POINTS automatic
4 4 1 0 0 0
